[0]	sendir,1:1,1,57077,1,1,23,354,23,162,23,97,23,162,23,162,23,162,23,97,23,162,23,162,23,162,23,162,23,162,23,162,23,162,23,162,23,162,23,162,23,354,23,162,23,97,23,162,23,162,23,162,23,97,23,162,23,162,23,162,23,162,23,162,23,162,23,162,23,162,23,162,23,162,23,355,23,7305
[1]	sendir,1:1,1,57077,1,1,23,353,23,161,23,161,23,161,23,97,23,161,23,161,23,161,23,161,23,161,23,161,23,161,23,161,23,161,23,161,23,161,23,161,23,353,23,161,23,161,23,161,23,97,23,161,23,161,23,161,23,161,23,161,23,161,23,161,23,161,23,161,23,161,23,161,23,161,23,354,23,161,23,161,23,161,23,97,23,161,23,161,23,161,23,161,23,161,23,161,23,161,23,161,23,161,23,161,23,161,23,161,23,353,23,7305
[2]	sendir,1:1,1,57339,1,1,23,353,23,161,23,161,23,161,23,97,23,161,23,97,23,161,23,161,23,161,23,161,23,161,23,161,23,161,23,161,23,161,23,161,23,353,23,161,23,161,23,161,23,97,23,161,23,97,23,161,23,161,23,161,23,161,23,161,23,161,23,161,23,161,23,161,23,161,23,354,23,161,23,161,23,161,23,97,23,161,23,97,23,161,23,161,23,161,23,161,23,161,23,161,23,161,23,161,23,161,23,161,23,353,23,7339
[3]	sendir,1:1,1,57077,1,1,23,353,23,161,23,161,23,161,23,97,23,97,23,161,23,161,23,161,23,161,23,161,23,161,23,161,23,161,23,161,23,161,23,161,23,353,23,161,23,161,23,161,23,97,23,97,23,161,23,161,23,161,23,161,23,161,23,161,23,161,23,161,23,161,23,161,23,161,23,354,23,161,23,161,23,161,23,97,23,97,23,161,23,161,23,161,23,161,23,161,23,161,23,161,23,161,23,161,23,161,23,161,23,353,23,7305
[4]	sendir,1:1,1,57077,1,1,23,353,23,161,23,161,23,97,23,161,23,161,23,161,23,161,23,161,23,161,23,161,23,161,23,161,23,161,23,161,23,161,23,161,23,353,23,161,23,161,23,97,23,161,23,161,23,161,23,161,23,161,23,161,23,161,23,161,23,161,23,161,23,161,23,161,23,161,23,354,23,161,23,161,23,97,23,161,23,161,23,161,23,161,23,161,23,161,23,161,23,161,23,161,23,161,23,161,23,161,23,161,23,353,23,7305
[5]	sendir,1:1,1,57339,1,1,23,353,23,161,23,161,23,97,23,161,23,161,23,97,23,161,23,161,23,161,23,161,23,161,23,161,23,161,23,161,23,161,23,161,23,353,23,161,23,161,23,97,23,161,23,161,23,97,23,161,23,161,23,161,23,161,23,161,23,161,23,161,23,161,23,161,23,161,23,354,23,161,23,161,23,97,23,161,23,161,23,97,23,161,23,161,23,161,23,161,23,161,23,161,23,161,23,161,23,161,23,161,22,354,23,161,23,161,23,97,23,161,23,161,23,97,23,161,23,161,23,161,23,161,23,161,23,161,23,161,23,161,23,161,23,161,23,353,23,161,23,161,23,97,23,161,23,161,23,97,23,161,23,161,23,161,23,161,23,161,23,161,23,161,23,161,23,161,23,161,23,353,23,7339
[6]	sendir,1:1,1,57077,1,1,23,353,23,161,23,161,23,97,23,161,23,97,23,161,23,161,23,161,23,161,23,161,23,161,23,161,23,161,23,161,23,161,23,161,23,353,23,161,23,161,23,97,23,161,23,97,23,161,23,161,23,161,23,161,23,161,23,161,23,161,23,161,23,161,23,161,23,161,23,354,23,161,23,161,23,97,23,161,23,97,23,161,23,161,23,161,23,161,23,161,23,161,23,161,23,161,23,161,23,161,23,161,22,354,23,7305
[7]	sendir,1:1,1,57339,1,1,23,354,23,162,23,162,23,97,23,97,23,162,23,162,23,162,23,162,23,162,23,162,23,162,23,162,23,162,23,162,23,162,23,162,23,354,23,162,23,162,23,97,23,97,23,162,23,162,23,162,23,162,23,162,23,162,23,162,23,162,23,162,23,162,23,162,23,162,23,355,23,7339
[8]	sendir,1:1,1,57077,1,1,23,353,23,161,23,161,23,97,23,97,23,161,23,97,23,161,23,161,23,161,23,161,23,161,23,161,23,161,23,161,23,161,23,161,23,353,23,161,23,161,23,97,23,97,23,161,23,97,23,161,23,161,23,161,23,161,23,161,23,161,23,161,23,161,23,161,23,161,23,354,22,7305
[9]	sendir,1:1,1,57077,1,1,23,353,23,161,23,161,23,97,23,97,23,97,23,161,23,161,23,161,23,161,23,161,23,161,23,161,23,161,23,161,23,161,23,161,23,353,23,161,23,161,23,97,23,97,23,97,23,161,23,161,23,161,23,161,23,161,23,161,23,161,23,161,23,161,23,161,23,161,23,354,23,161,23,161,23,97,23,97,23,97,23,161,23,161,23,161,23,161,23,161,23,161,23,161,23,161,23,161,23,161,23,161,23,353,23,161,23,161,23,97,23,97,23,97,23,161,23,161,23,161,23,161,23,161,23,161,23,161,23,161,23,161,23,161,23,161,23,353,23,161,23,161,23,97,23,97,23,97,23,161,23,161,23,161,23,161,23,161,23,161,23,161,23,161,23,161,23,161,23,161,23,353,23,7305
[cancel]	sendir,1:1,1,57077,1,1,23,353,23,161,23,97,23,161,23,161,23,97,23,161,23,161,23,161,23,161,23,161,23,161,23,161,23,161,23,161,23,161,23,161,23,353,23,161,23,97,23,161,23,161,23,97,23,161,23,161,23,161,23,161,23,161,23,161,23,161,23,161,23,161,23,161,23,161,23,354,23,161,23,97,23,161,23,161,23,97,23,161,23,161,23,161,23,161,23,161,23,161,23,161,23,161,23,161,23,161,23,161,23,353,23,7305
[down]	sendir,1:1,1,57339,1,1,23,354,23,162,23,97,23,97,23,97,23,97,23,162,23,162,23,162,23,162,23,162,23,162,23,162,23,162,23,162,23,162,23,162,23,354,23,162,23,97,23,97,23,97,23,97,23,162,23,162,23,162,23,162,23,162,23,162,23,162,23,162,23,162,23,162,23,162,23,355,23,162,23,97,23,97,23,97,23,97,23,162,23,162,23,162,23,162,23,162,23,162,23,162,23,162,23,162,23,162,23,162,23,354,23,7339
[guide]	sendir,1:1,1,57339,1,1,23,353,23,161,23,97,23,161,23,97,23,161,23,161,23,161,23,161,23,161,23,161,23,161,23,161,23,161,23,161,23,161,23,161,23,353,23,161,23,97,23,161,23,97,23,161,23,161,23,161,23,161,23,161,23,161,23,161,23,161,23,161,23,161,23,161,23,161,23,354,23,161,23,97,23,161,23,97,23,161,23,161,23,161,23,161,23,161,23,161,23,161,23,161,23,161,23,161,23,161,23,161,23,353,23,7339
[info]	sendir,1:1,1,57339,1,1,23,353,23,161,23,161,23,161,23,161,23,161,23,161,23,161,23,161,23,161,23,161,23,161,23,161,23,161,23,161,23,161,23,161,23,353,23,161,23,161,23,161,23,161,23,161,23,161,23,161,23,161,23,161,23,161,23,161,23,161,23,161,23,161,23,161,23,161,23,354,23,161,23,161,23,161,23,161,23,161,23,161,23,161,23,161,23,161,23,161,23,161,23,161,23,161,23,161,23,161,23,161,23,353,23,7339
[left]	sendir,1:1,1,57077,1,1,23,354,23,162,23,97,23,97,23,97,23,162,23,162,23,162,23,162,23,162,23,162,23,162,23,162,23,162,23,162,23,162,23,162,23,354,23,162,23,97,23,97,23,97,23,162,23,162,23,162,23,162,23,162,23,162,23,162,23,162,23,162,23,162,23,162,23,162,23,355,23,162,23,97,23,97,23,97,23,162,23,162,23,162,23,162,23,162,23,162,23,162,23,162,23,162,23,162,23,162,23,162,23,354,23,7305
[pause]	sendir,1:1,1,57077,1,1,23,354,23,97,23,162,23,162,23,162,23,162,23,162,23,162,23,162,23,162,23,162,23,162,23,162,23,162,23,162,23,162,23,162,23,354,23,97,23,162,23,162,23,162,23,162,23,162,23,162,23,162,23,162,23,162,23,162,23,162,23,162,23,162,23,162,23,162,23,355,23,7305
[pgdn]	sendir,1:1,1,57077,1,1,23,354,23,162,23,162,23,162,23,97,23,97,23,97,23,162,23,162,23,162,23,162,23,162,23,97,23,162,23,162,23,162,23,162,23,354,23,162,23,162,23,162,23,97,23,97,23,97,23,162,23,162,23,162,23,162,23,162,23,97,23,162,23,162,23,162,23,162,23,355,23,162,23,162,23,162,23,97,23,97,23,97,23,162,23,162,23,162,23,162,23,162,23,97,23,162,23,162,23,162,23,162,23,354,23,7305
[pgup]	sendir,1:1,1,57339,1,1,23,353,23,161,23,161,23,97,23,97,23,97,23,97,23,161,23,161,23,161,23,161,23,161,23,97,23,161,23,161,23,161,23,161,23,353,23,161,23,161,23,97,23,97,23,97,23,97,23,161,23,161,23,161,23,161,23,161,23,97,23,161,23,161,23,161,23,161,23,354,23,161,23,161,23,97,23,97,23,97,23,97,23,161,23,161,23,161,23,161,23,161,23,97,23,161,23,161,23,161,23,161,23,353,23,161,23,161,23,97,23,97,23,97,23,97,23,161,23,161,23,161,23,161,23,161,23,97,23,161,23,161,23,161,23,161,23,353,23,7339
[play]	sendir,1:1,1,57077,1,1,23,353,23,161,23,161,23,161,23,161,23,97,23,97,23,161,23,161,23,161,23,161,23,161,23,97,23,161,23,161,23,161,23,161,23,353,23,161,23,161,23,161,23,161,23,97,23,97,23,161,23,161,23,161,23,161,23,161,23,97,23,161,23,161,23,161,23,161,23,354,22,7305
[power]	sendir,1:1,1,57339,1,1,23,354,23,162,23,162,23,162,23,162,23,97,23,162,23,162,23,162,23,162,23,162,23,162,23,162,23,162,23,162,23,162,23,162,23,355,23,162,23,162,23,162,23,162,23,97,23,162,23,162,23,162,23,162,23,162,23,162,23,162,23,162,23,162,23,162,23,162,23,355,23,7339
[pvr]	sendir,1:1,1,57339,1,1,23,354,23,97,23,97,23,97,23,162,23,162,23,97,23,162,23,162,23,162,23,162,23,162,23,97,23,162,23,162,23,162,23,162,23,354,23,97,23,97,23,97,23,162,23,162,23,97,23,162,23,162,23,162,23,162,23,162,23,97,23,162,23,162,23,162,23,162,23,355,23,97,23,97,23,97,23,162,23,162,23,97,23,162,23,162,23,162,23,162,23,162,23,97,23,162,23,162,23,162,23,162,23,354,23,7339
[rec]	sendir,1:1,1,57339,1,1,23,353,23,161,23,97,23,97,23,97,23,97,23,97,23,161,23,161,23,161,23,161,23,161,23,161,23,161,23,161,23,161,23,161,23,353,23,161,23,97,23,97,23,97,23,97,23,97,23,161,23,161,23,161,23,161,23,161,23,161,23,161,23,161,23,161,23,161,23,354,23,161,23,97,23,97,23,97,23,97,23,97,23,161,23,161,23,161,23,161,23,161,23,161,23,161,23,161,23,161,23,161,22,354,23,161,23,97,23,97,23,97,23,97,23,97,23,161,23,161,23,161,23,161,23,161,23,161,23,161,23,161,23,161,23,161,23,353,23,7339
[right]	sendir,1:1,1,57077,1,1,23,353,23,161,23,97,23,97,23,161,23,161,23,161,23,161,23,161,23,161,23,161,23,161,23,161,23,161,23,161,23,161,23,161,23,353,23,161,23,97,23,97,23,161,23,161,23,161,23,161,23,161,23,161,23,161,23,161,23,161,23,161,23,161,23,161,23,161,23,354,23,161,23,97,23,97,23,161,23,161,23,161,23,161,23,161,23,161,23,161,23,161,23,161,23,161,23,161,23,161,23,161,23,353,23,7305
[select]	sendir,1:1,1,57077,1,1,23,353,23,161,23,97,23,161,23,161,23,161,23,161,23,161,23,161,23,161,23,161,23,161,23,161,23,161,23,161,23,161,23,161,23,353,23,161,23,97,23,161,23,161,23,161,23,161,23,161,23,161,23,161,23,161,23,161,23,161,23,161,23,161,23,161,23,161,23,354,23,161,23,97,23,161,23,161,23,161,23,161,23,161,23,161,23,161,23,161,23,161,23,161,23,161,23,161,23,161,23,161,23,353,23,7305
[stop]	sendir,1:1,1,57077,1,1,23,353,23,97,23,161,23,161,23,161,23,161,23,97,23,161,23,161,23,161,23,161,23,161,23,161,23,161,23,161,23,161,23,161,23,353,23,97,23,161,23,161,23,161,23,161,23,97,23,161,23,161,23,161,23,161,23,161,23,161,23,161,23,161,23,161,23,161,23,354,23,97,23,161,23,161,23,161,23,161,23,97,23,161,23,161,23,161,23,161,23,161,23,161,23,161,23,161,23,161,23,161,23,353,23,7305
[up]	sendir,1:1,1,57339,1,1,23,354,23,162,23,97,23,97,23,162,23,97,23,162,23,162,23,162,23,162,23,162,23,162,23,162,23,162,23,162,23,162,23,162,23,354,23,162,23,97,23,97,23,162,23,97,23,162,23,162,23,162,23,162,23,162,23,162,23,162,23,162,23,162,23,162,23,162,23,355,23,7339
