[PLAY]		sendir,1:1,1,37878,1,1,340,170,21,64,21,21,21,64,21,21,21,21,21,21,21,64,21,21,21,21,21,64,21,21,21,64,21,64,21,64,21,21,21,64,21,64,21,21,21,64,21,21,21,64,21,21,21,21,21,21,21,21,21,64,21,21,21,64,21,21,21,64,21,64,21,64,21,1559,340,85,21,3787
[PAUSE]		sendir,1:1,1,37878,1,1,340,170,21,64,21,21,21,64,21,21,21,21,21,21,21,64,21,21,21,21,21,64,21,21,21,64,21,64,21,64,21,21,21,64,21,21,21,21,21,21,21,21,21,21,21,21,21,21,21,21,21,64,21,64,21,64,21,64,21,64,21,64,21,64,21,64,21,1559,340,85,21,3787
[STOP]		sendir,1:1,1,37878,1,1,340,170,21,64,21,21,21,64,21,21,21,21,21,21,21,64,21,21,21,21,21,64,21,21,21,64,21,64,21,64,21,21,21,64,21,21,21,21,21,64,21,21,21,64,21,21,21,21,21,21,21,64,21,64,21,21,21,64,21,21,21,64,21,64,21,64,21,1559,340,85,21,3627
[VCR]		sendir,1:1,1,37878,1,1,340,170,21,64,21,21,21,64,21,21,21,21,21,21,21,64,21,21,21,21,21,64,21,21,21,64,21,64,21,64,21,21,21,64,21,64,21,21,21,64,21,64,21,21,21,21,21,64,21,64,21,21,21,64,21,21,21,21,21,64,21,64,21,21,21,21,21,1556,340,85,21,3787
[DVD]		sendir,1:1,1,37878,1,1,340,170,21,64,21,21,21,64,21,21,21,21,21,21,21,64,21,21,21,21,21,64,21,21,21,64,21,64,21,64,21,21,21,64,21,21,21,21,21,64,21,64,21,21,21,21,21,64,21,64,21,64,21,64,21,21,21,21,21,64,21,64,21,21,21,21,21,1556,340,85,21,3787
[MENU]		sendir,1:1,1,37993,1,1,340,170,21,64,21,21,21,64,21,21,21,21,21,21,21,64,21,21,21,21,21,64,21,21,21,64,21,64,21,64,21,21,21,64,21,21,21,21,21,64,21,21,21,21,21,21,21,21,21,64,21,64,21,64,21,21,21,64,21,64,21,64,21,64,21,21,21,1562,340,85,21,3799
[UP ARROW]	sendir,1:1,1,37878,1,1,340,170,21,64,21,21,21,64,21,21,21,21,21,21,21,64,21,21,21,21,21,64,21,21,21,64,21,64,21,64,21,21,21,64,21,21,21,21,21,21,21,21,21,21,21,21,21,21,21,64,21,64,21,64,21,64,21,64,21,64,21,64,21,64,21,21,21,1558,340,85,21,3627
[LEFT ARROW]	sendir,1:1,1,37878,1,1,340,170,21,64,21,21,21,64,21,21,21,21,21,21,21,64,21,21,21,21,21,64,21,21,21,64,21,64,21,64,21,21,21,64,21,64,21,21,21,21,21,21,21,64,21,21,21,64,21,21,21,21,21,64,21,64,21,64,21,21,21,64,21,21,21,64,21,1558,340,85,21,3787
[RIGHT ARROW]	sendir,1:1,1,37878,1,1,340,170,21,64,21,21,21,64,21,21,21,21,21,21,21,64,21,21,21,21,21,64,21,21,21,64,21,64,21,64,21,21,21,64,21,64,21,21,21,64,21,64,21,21,21,21,21,64,21,21,21,21,21,64,21,21,21,21,21,64,21,64,21,21,21,64,21,1558,340,85,21,3787
[DOWN ARROW]	sendir,1:1,1,37878,1,1,340,170,21,64,21,21,21,64,21,21,21,21,21,21,21,64,21,21,21,21,21,64,21,21,21,64,21,64,21,64,21,21,21,64,21,64,21,21,21,21,21,21,21,21,21,21,21,21,21,64,21,21,21,64,21,64,21,64,21,64,21,64,21,64,21,21,21,1558,340,85,21,3787
[ENTER]		sendir,1:1,1,37878,1,1,340,170,21,64,21,21,21,64,21,21,21,21,21,21,21,64,21,21,21,21,21,64,21,21,21,64,21,64,21,64,21,21,21,64,21,64,21,21,21,21,21,21,21,21,21,64,21,21,21,21,21,21,21,64,21,64,21,64,21,64,21,21,21,64,21,64,21,1558,340,85,21,3627
[RETURN]	sendir,1:1,1,37878,1,1,340,170,21,64,21,21,21,64,21,21,21,21,21,21,21,64,21,21,21,21,21,64,21,21,21,64,21,64,21,64,21,21,21,64,21,21,21,64,21,21,21,21,21,21,21,64,21,21,21,21,21,64,21,21,21,64,21,64,21,64,21,21,21,64,21,64,21,1558,340,85,21,3787
[SKIP FWD]	sendir,1:1,1,37878,1,1,340,170,21,64,21,21,21,64,21,21,21,21,21,21,21,64,21,21,21,21,21,64,21,21,21,64,21,64,21,64,21,21,21,64,21,21,21,21,21,64,21,21,21,21,21,64,21,21,21,21,21,64,21,64,21,21,21,64,21,64,21,21,21,64,21,64,21,1559,340,85,21,3787
[SKIP REV]	sendir,1:1,1,37878,1,1,340,170,21,64,21,21,21,64,21,21,21,21,21,21,21,64,21,21,21,21,21,64,21,21,21,64,21,64,21,64,21,21,21,64,21,64,21,64,21,21,21,21,21,21,21,64,21,21,21,21,21,21,21,21,21,64,21,64,21,64,21,21,21,64,21,64,21,1559,340,85,21,3787
[DISPLAY]	sendir,1:1,1,37993,1,1,340,170,21,64,21,21,21,64,21,21,21,21,21,21,21,64,21,21,21,21,21,64,21,21,21,64,21,64,21,64,21,21,21,64,21,21,21,64,21,64,21,21,21,64,21,21,21,21,21,21,21,64,21,21,21,21,21,64,21,21,21,64,21,64,21,64,21,1561,340,85,21,3799
[ONE]		sendir,1:1,1,37878,1,1,340,170,21,64,21,21,21,64,21,21,21,21,21,21,21,64,21,21,21,21,21,64,21,21,21,64,21,64,21,64,21,21,21,64,21,64,21,21,21,21,21,21,21,21,21,21,21,21,21,21,21,21,21,64,21,64,21,64,21,64,21,64,21,64,21,64,21,1560,340,85,21,3787
[TWO]		sendir,1:1,1,37878,1,1,340,170,21,64,21,21,21,64,21,21,21,21,21,21,21,64,21,21,21,21,21,64,21,21,21,64,21,64,21,64,21,21,21,64,21,21,21,64,21,21,21,21,21,21,21,21,21,21,21,21,21,64,21,21,21,64,21,64,21,64,21,64,21,64,21,64,21,1560,340,85,21,3787
[THREE]		sendir,1:1,1,37878,1,1,340,170,21,64,21,21,21,64,21,21,21,21,21,21,21,64,21,21,21,21,21,64,21,21,21,64,21,64,21,64,21,21,21,64,21,64,21,64,21,21,21,21,21,21,21,21,21,21,21,21,21,21,21,21,21,64,21,64,21,64,21,64,21,64,21,64,21,1560,340,85,21,3787
[FOUR]		sendir,1:1,1,37878,1,1,340,170,21,64,21,21,21,64,21,21,21,21,21,21,21,64,21,21,21,21,21,64,21,21,21,64,21,64,21,64,21,21,21,64,21,21,21,21,21,64,21,21,21,21,21,21,21,21,21,21,21,64,21,64,21,21,21,64,21,64,21,64,21,64,21,64,21,1558,340,85,21,3787
[FIVE]		sendir,1:1,1,37878,1,1,340,170,21,64,21,21,21,64,21,21,21,21,21,21,21,64,21,21,21,21,21,64,21,21,21,64,21,64,21,64,21,21,21,64,21,64,21,21,21,64,21,21,21,21,21,21,21,21,21,21,21,21,21,64,21,21,21,64,21,64,21,64,21,64,21,64,21,1558,340,85,21,3787
[SIX]		sendir,1:1,1,37878,1,1,340,170,21,64,21,21,21,64,21,21,21,21,21,21,21,64,21,21,21,21,21,64,21,21,21,64,21,64,21,64,21,21,21,64,21,21,21,64,21,64,21,21,21,21,21,21,21,21,21,21,21,64,21,21,21,21,21,64,21,64,21,64,21,64,21,64,21,1558,340,85,21,3787
[SEVEN]		sendir,1:1,1,37878,1,1,340,170,21,64,21,21,21,64,21,21,21,21,21,21,21,64,21,21,21,21,21,64,21,21,21,64,21,64,21,64,21,21,21,64,21,64,21,64,21,64,21,21,21,21,21,21,21,21,21,21,21,21,21,21,21,21,21,64,21,64,21,64,21,64,21,64,21,1558,340,85,21,3787
[EIGHT]		sendir,1:1,1,37878,1,1,340,170,21,64,21,21,21,64,21,21,21,21,21,21,21,64,21,21,21,21,21,64,21,21,21,64,21,64,21,64,21,21,21,64,21,21,21,21,21,21,21,64,21,21,21,21,21,21,21,21,21,64,21,64,21,64,21,21,21,64,21,64,21,64,21,64,21,1558,340,85,21,3787
[NINE]		sendir,1:1,1,37878,1,1,340,170,21,64,21,21,21,64,21,21,21,21,21,21,21,64,21,21,21,21,21,64,21,21,21,64,21,64,21,64,21,21,21,64,21,64,21,21,21,21,21,64,21,21,21,21,21,21,21,21,21,21,21,64,21,64,21,21,21,64,21,64,21,64,21,64,21,1558,340,85,21,3787
[ZERO]		sendir,1:1,1,37878,1,1,340,170,21,64,21,21,21,64,21,21,21,21,21,21,21,64,21,21,21,21,21,64,21,21,21,64,21,64,21,64,21,21,21,64,21,21,21,64,21,21,21,64,21,21,21,21,21,21,21,21,21,64,21,21,21,64,21,21,21,64,21,64,21,64,21,64,21,1556,340,85,21,3787
[+TEN]		sendir,1:1,1,37878,1,1,340,170,21,64,21,21,21,64,21,21,21,21,21,21,21,64,21,21,21,21,21,64,21,21,21,64,21,64,21,64,21,21,21,64,21,64,21,21,21,64,21,21,21,21,21,64,21,21,21,21,21,21,21,64,21,21,21,64,21,64,21,21,21,64,21,64,21,1556,340,85,21,3787
[SCAN FWD]	sendir,1:1,1,37878,1,1,340,170,21,64,21,21,21,64,21,21,21,21,21,21,21,64,21,21,21,21,21,64,21,21,21,64,21,64,21,64,21,21,21,64,21,64,21,64,21,21,21,21,21,64,21,21,21,21,21,21,21,21,21,21,21,64,21,64,21,21,21,64,21,64,21,64,21,1559,340,85,21,3627
[SCAN REV]	sendir,1:1,1,37878,1,1,340,170,21,64,21,21,21,64,21,21,21,21,21,21,21,64,21,21,21,21,21,64,21,21,21,64,21,64,21,64,21,21,21,64,21,64,21,21,21,21,21,64,21,64,21,21,21,21,21,21,21,21,21,64,21,64,21,21,21,21,21,64,21,64,21,64,21,1559,340,85,21,3787
