[0]sendir,1:1,1,38109,1,1,342,170,22,21,22,21,22,63,22,21,22,21,22,21,22,21,22,21,22,63,22,63,22,21,22,63,22,63,22,63,22,63,22,63,22,21,22,21,22,21,22,21,22,63,22,21,22,21,22,21,22,63,22,63,22,63,22,63,22,21,22,63,22,63,22,63,22,1515,342,85,22,4878
[1]sendir,1:1,1,38109,1,1,342,170,22,21,22,21,22,63,22,21,22,21,22,21,22,21,22,21,22,63,22,63,22,21,22,63,22,63,22,63,22,63,22,63,22,63,22,21,22,21,22,21,22,63,22,21,22,21,22,21,22,21,22,63,22,63,22,63,22,21,22,63,22,63,22,63,22,1515,342,85,22,4878
[2]sendir,1:1,1,38109,1,1,342,170,22,21,22,21,22,63,22,21,22,21,22,21,22,21,22,21,22,63,22,63,22,21,22,63,22,63,22,63,22,63,22,63,22,21,22,63,22,21,22,21,22,63,22,21,22,21,22,21,22,63,22,21,22,63,22,63,22,21,22,63,22,63,22,63,22,1515,342,85,22,4878
[3]sendir,1:1,1,38109,1,1,342,170,22,21,22,21,22,63,22,21,22,21,22,21,22,21,22,21,22,63,22,63,22,21,22,63,22,63,22,63,22,63,22,63,22,63,22,63,22,21,22,21,22,63,22,21,22,21,22,21,22,21,22,21,22,63,22,63,22,21,22,63,22,63,22,63,22,1515,342,85,22,4878
[4]sendir,1:1,1,38109,1,1,342,170,22,21,22,21,22,63,22,21,22,21,22,21,22,21,22,21,22,63,22,63,22,21,22,63,22,63,22,63,22,63,22,63,22,21,22,21,22,63,22,21,22,63,22,21,22,21,22,21,22,63,22,63,22,21,22,63,22,21,22,63,22,63,22,63,22,1515,342,85,22,4878
[5]sendir,1:1,1,38109,1,1,342,170,22,21,22,21,22,63,22,21,22,21,22,21,22,21,22,21,22,63,22,63,22,21,22,63,22,63,22,63,22,63,22,63,22,63,22,21,22,63,22,21,22,63,22,21,22,21,22,21,22,21,22,63,22,21,22,63,22,21,22,63,22,63,22,63,22,1514,342,85,22,4878
[6]sendir,1:1,1,37993,1,1,342,170,22,21,22,21,22,63,22,21,22,21,22,21,22,21,22,21,22,63,22,63,22,21,22,63,22,63,22,63,22,63,22,63,22,21,22,63,22,63,22,21,22,63,22,21,22,21,22,21,22,63,22,21,22,21,22,63,22,21,22,63,22,63,22,63,22,1509,342,85,22,4863
[7]sendir,1:1,1,37993,1,1,342,170,22,21,22,21,22,63,22,21,22,21,22,21,22,21,22,21,22,63,22,63,22,21,22,63,22,63,22,63,22,63,22,63,22,63,22,63,22,63,22,21,22,63,22,21,22,21,22,21,22,21,22,21,22,21,22,63,22,21,22,63,22,63,22,63,22,1509,342,85,22,4863
[8]sendir,1:1,1,37993,1,1,342,170,22,21,22,21,22,63,22,21,22,21,22,21,22,21,22,21,22,63,22,63,22,21,22,63,22,63,22,63,22,63,22,63,22,21,22,21,22,21,22,63,22,63,22,21,22,21,22,21,22,63,22,63,22,63,22,21,22,21,22,63,22,63,22,63,22,1509,342,85,22,4863
[9]sendir,1:1,1,38109,1,1,342,170,22,21,22,21,22,63,22,21,22,21,22,21,22,21,22,21,22,63,22,63,22,21,22,63,22,63,22,63,22,63,22,63,22,63,22,21,22,21,22,63,22,63,22,21,22,21,22,21,22,21,22,63,22,63,22,21,22,21,22,63,22,63,22,63,22,1515,342,85,22,4878
[AV]sendir,1:1,1,38109,1,1,342,170,22,21,22,21,22,63,22,21,22,21,22,21,22,21,22,21,22,63,22,63,22,21,22,63,22,63,22,63,22,63,22,63,22,63,22,21,22,21,22,21,22,63,22,21,22,63,22,21,22,21,22,63,22,63,22,63,22,21,22,63,22,21,22,63,22,1514,342,85,22,4878
[BACK]sendir,1:1,1,38226,1,1,342,170,22,21,22,21,22,63,22,21,22,21,22,21,22,21,22,21,22,63,22,63,22,21,22,63,22,63,22,63,22,63,22,63,22,21,22,63,22,21,22,63,22,21,22,21,22,63,22,21,22,63,22,21,22,63,22,21,22,63,22,63,22,21,22,63,22,1518,342,85,22,4892
[BLUE]sendir,1:1,1,38109,1,1,342,170,22,21,22,21,22,63,22,21,22,21,22,21,22,21,22,21,22,63,22,63,22,21,22,63,22,63,22,63,22,63,22,63,22,63,22,63,22,21,22,21,22,63,22,21,22,63,22,21,22,21,22,21,22,63,22,63,22,21,22,63,22,21,22,63,22,1515,342,85,22,4878
[-CH]sendir,1:1,1,37993,1,1,342,169,22,21,22,21,22,63,22,21,22,21,22,21,22,21,22,21,22,63,22,63,22,21,22,63,22,63,22,63,22,63,22,63,22,63,22,21,22,21,22,21,22,21,22,21,22,21,22,21,22,21,22,63,22,63,22,63,22,63,22,63,22,63,22,63,22,1511,342,85,22,4863
[+CH]sendir,1:1,1,38109,1,1,342,169,22,21,22,21,22,63,22,21,22,21,22,21,22,21,22,21,22,63,22,63,22,21,22,63,22,63,22,63,22,63,22,63,22,21,22,21,22,21,22,21,22,21,22,21,22,21,22,21,22,63,22,63,22,63,22,63,22,63,22,63,22,63,22,63,22,1515,342,85,22,4878
[DOWN]sendir,1:1,1,38109,1,1,342,170,22,21,22,21,22,63,22,21,22,21,22,21,22,21,22,21,22,63,22,63,22,21,22,63,22,63,22,63,22,63,22,63,22,21,22,63,22,63,22,21,22,21,22,21,22,63,22,21,22,63,22,21,22,21,22,63,22,63,22,63,22,21,22,63,22,1515,342,85,22,4878
[EXIT]sendir,1:1,1,38109,1,1,342,170,22,21,22,21,22,63,22,21,22,21,22,21,22,21,22,21,22,63,22,63,22,21,22,63,22,63,22,63,22,63,22,63,22,63,22,21,22,21,22,63,22,21,22,21,22,63,22,21,22,21,22,63,22,63,22,21,22,63,22,63,22,21,22,63,22,1514,342,85,22,4878
[FAST FWD]sendir,1:1,1,38109,1,1,342,169,22,21,22,21,22,63,22,21,22,21,22,21,22,21,22,21,22,63,22,63,22,21,22,63,22,63,22,63,22,63,22,63,22,21,22,63,22,21,22,21,22,63,22,63,22,21,22,21,22,63,22,21,22,63,22,63,22,21,22,21,22,63,22,63,22,1514,342,85,22,4878
[FWD]sendir,1:1,1,38109,1,1,342,170,22,21,22,21,22,63,22,21,22,21,22,21,22,21,22,21,22,63,22,63,22,21,22,63,22,63,22,63,22,63,22,63,22,63,22,63,22,63,22,63,22,21,22,63,22,21,22,21,22,21,22,21,22,21,22,21,22,63,22,21,22,63,22,63,22,1515,342,85,22,4878
[GREEN]sendir,1:1,1,37993,1,1,342,170,22,21,22,21,22,63,22,21,22,21,22,21,22,21,22,21,22,63,22,63,22,21,22,63,22,63,22,63,22,63,22,63,22,63,22,21,22,63,22,21,22,63,22,21,22,63,22,21,22,21,22,63,22,21,22,63,22,21,22,63,22,21,22,63,22,1509,342,85,22,4863
[GUIDE]sendir,1:1,1,38109,1,1,342,170,22,21,22,21,22,63,22,21,22,21,22,21,22,21,22,21,22,63,22,63,22,21,22,63,22,63,22,63,22,63,22,63,22,21,22,21,22,63,22,63,22,63,22,21,22,21,22,21,22,63,22,63,22,21,22,21,22,21,22,63,22,63,22,63,22,1515,342,85,22,4878
[HDMI]sendir,1:1,1,38109,1,1,342,170,22,21,22,21,22,63,22,21,22,21,22,21,22,21,22,21,22,63,22,63,22,21,22,63,22,63,22,63,22,63,22,63,22,21,22,63,22,63,22,21,22,21,22,21,22,63,22,63,22,63,22,21,22,21,22,63,22,63,22,63,22,21,22,21,22,1514,342,85,22,4878
[INPUT]sendir,1:1,1,38109,1,1,342,170,22,21,22,21,22,63,22,21,22,21,22,21,22,21,22,21,22,63,22,63,22,21,22,63,22,63,22,63,22,63,22,63,22,63,22,63,22,63,22,63,22,21,22,63,22,21,22,21,22,21,22,21,22,21,22,21,22,63,22,21,22,63,22,63,22,1515,342,85,22,4878
[LAST]sendir,1:1,1,38109,1,1,342,170,22,21,22,21,22,63,22,21,22,21,22,21,22,21,22,21,22,63,22,63,22,21,22,63,22,63,22,63,22,63,22,63,22,21,22,63,22,21,22,63,22,63,22,21,22,21,22,21,22,63,22,21,22,63,22,21,22,21,22,63,22,63,22,63,22,1514,342,85,22,4878
[LEFT]sendir,1:1,1,38226,1,1,342,170,22,21,22,21,22,63,22,21,22,21,22,21,22,21,22,21,22,63,22,63,22,21,22,63,22,63,22,63,22,63,22,63,22,63,22,63,22,63,22,21,22,21,22,21,22,63,22,21,22,21,22,21,22,21,22,63,22,63,22,63,22,21,22,63,22,1520,342,85,22,4892
[MEDIA]sendir,1:1,1,37993,1,1,342,169,22,21,22,21,22,63,22,21,22,21,22,21,22,21,22,21,22,63,22,63,22,21,22,63,22,63,22,63,22,63,22,63,22,21,22,21,22,21,22,21,22,63,22,63,22,63,22,63,22,63,22,63,22,63,22,63,22,21,22,21,22,21,22,21,22,1511,342,85,22,4863
[MENU]sendir,1:1,1,38109,1,1,342,170,22,21,22,21,22,63,22,21,22,21,22,21,22,21,22,21,22,63,22,63,22,21,22,63,22,63,22,63,22,63,22,63,22,63,22,63,22,21,22,21,22,21,22,21,22,63,22,21,22,21,22,21,22,63,22,63,22,63,22,63,22,21,22,63,22,1514,342,85,22,4878
[MUTE]sendir,1:1,1,38109,1,1,342,170,22,21,22,21,22,63,22,21,22,21,22,21,22,21,22,21,22,63,22,63,22,21,22,63,22,63,22,63,22,63,22,63,22,63,22,21,22,21,22,63,22,21,22,21,22,21,22,21,22,21,22,63,22,63,22,21,22,63,22,63,22,63,22,63,22,1515,342,85,22,4878
[OK]sendir,1:1,1,38109,1,1,342,170,22,21,22,21,22,63,22,21,22,21,22,21,22,21,22,21,22,63,22,63,22,21,22,63,22,63,22,63,22,63,22,63,22,21,22,21,22,63,22,21,22,21,22,21,22,63,22,21,22,63,22,63,22,21,22,63,22,63,22,63,22,21,22,63,22,1514,342,85,22,4878
[PAUSE]sendir,1:1,1,38109,1,1,342,170,22,21,22,21,22,63,22,21,22,21,22,21,22,21,22,21,22,63,22,63,22,21,22,63,22,63,22,63,22,63,22,63,22,63,22,63,22,63,22,21,22,63,22,63,22,21,22,21,22,21,22,21,22,21,22,63,22,21,22,21,22,63,22,63,22,1514,342,85,22,4878
[PLAY]sendir,1:1,1,38109,1,1,342,170,22,21,22,21,22,63,22,21,22,21,22,21,22,21,22,21,22,63,22,63,22,21,22,63,22,63,22,63,22,63,22,63,22,63,22,63,22,21,22,21,22,63,22,63,22,21,22,21,22,21,22,21,22,63,22,63,22,21,22,21,22,63,22,63,22,1515,342,85,22,4878
[POWER]sendir,1:1,1,37878,1,1,342,169,22,21,22,21,22,63,22,21,22,21,22,21,22,21,22,21,22,63,22,63,22,21,22,63,22,63,22,63,22,63,22,63,22,21,22,21,22,21,22,63,22,21,22,21,22,21,22,21,22,63,22,63,22,63,22,21,22,63,22,63,22,63,22,63,22,1505,342,84,22,4848
[RECORD]sendir,1:1,1,38109,1,1,342,170,22,21,22,21,22,63,22,21,22,21,22,21,22,21,22,21,22,63,22,63,22,21,22,63,22,63,22,63,22,63,22,63,22,21,22,21,22,63,22,21,22,63,22,63,22,21,22,21,22,63,22,63,22,21,22,63,22,21,22,21,22,63,22,63,22,1514,342,85,22,4878
[RED]sendir,1:1,1,38109,1,1,342,170,22,21,22,21,22,63,22,21,22,21,22,21,22,21,22,21,22,63,22,63,22,21,22,63,22,63,22,63,22,63,22,63,22,21,22,21,22,63,22,21,22,63,22,21,22,63,22,21,22,63,22,63,22,21,22,63,22,21,22,63,22,21,22,63,22,1515,342,85,22,4878
[REV]sendir,1:1,1,38109,1,1,342,170,22,21,22,21,22,63,22,21,22,21,22,21,22,21,22,21,22,63,22,63,22,21,22,63,22,63,22,63,22,63,22,63,22,63,22,21,22,63,22,21,22,63,22,63,22,21,22,21,22,21,22,63,22,21,22,63,22,21,22,21,22,63,22,63,22,1515,342,85,22,4878
[REWIND]sendir,1:1,1,38109,1,1,342,170,22,21,22,21,22,63,22,21,22,21,22,21,22,21,22,21,22,63,22,63,22,21,22,63,22,63,22,63,22,63,22,63,22,21,22,63,22,63,22,63,22,21,22,63,22,21,22,21,22,63,22,21,22,21,22,21,22,63,22,21,22,63,22,63,22,1515,342,85,22,4878
[RIGHT]sendir,1:1,1,38109,1,1,342,170,22,21,22,21,22,63,22,21,22,21,22,21,22,21,22,21,22,63,22,63,22,21,22,63,22,63,22,63,22,63,22,63,22,21,22,21,22,21,22,63,22,21,22,21,22,63,22,21,22,63,22,63,22,63,22,21,22,63,22,63,22,21,22,63,22,1515,342,85,22,4878
[-]sendir,1:1,1,38109,1,1,342,170,22,21,22,21,22,63,22,21,22,21,22,21,22,21,22,21,22,63,22,63,22,21,22,63,22,63,22,63,22,63,22,63,22,63,22,63,22,63,22,63,22,63,22,63,22,63,22,63,22,21,22,21,22,21,22,21,22,21,22,21,22,21,22,21,22,1515,342,85,22,4878
[STOP]sendir,1:1,1,38109,1,1,342,169,22,21,22,21,22,63,22,21,22,21,22,21,22,21,22,21,22,63,22,63,22,21,22,63,22,63,22,63,22,63,22,63,22,21,22,21,22,21,22,21,22,63,22,63,22,21,22,21,22,63,22,63,22,63,22,63,22,21,22,21,22,63,22,63,22,1515,342,85,22,4878
[TV]sendir,1:1,1,38109,1,1,342,170,22,21,22,21,22,63,22,21,22,21,22,21,22,21,22,21,22,63,22,63,22,21,22,63,22,63,22,63,22,63,22,63,22,21,22,63,22,63,22,21,22,63,22,21,22,63,22,63,22,63,22,21,22,21,22,63,22,21,22,63,22,21,22,21,22,1514,342,85,22,4878
[UP]sendir,1:1,1,38109,1,1,342,170,22,21,22,21,22,63,22,21,22,21,22,21,22,21,22,21,22,63,22,63,22,21,22,63,22,63,22,63,22,63,22,63,22,63,22,21,22,63,22,21,22,21,22,21,22,63,22,21,22,21,22,63,22,21,22,63,22,63,22,63,22,21,22,63,22,1515,342,85,22,4878
[+VOL]sendir,1:1,1,38109,1,1,342,170,22,21,22,21,22,63,22,21,22,21,22,21,22,21,22,21,22,63,22,63,22,21,22,63,22,63,22,63,22,63,22,63,22,21,22,63,22,21,22,21,22,21,22,21,22,21,22,21,22,63,22,21,22,63,22,63,22,63,22,63,22,63,22,63,22,1514,342,85,22,4878
[-VOL]sendir,1:1,1,38109,1,1,342,170,22,21,22,21,22,63,22,21,22,21,22,21,22,21,22,21,22,63,22,63,22,21,22,63,22,63,22,63,22,63,22,63,22,63,22,63,22,21,22,21,22,21,22,21,22,21,22,21,22,21,22,21,22,63,22,63,22,63,22,63,22,63,22,63,22,1514,342,85,22,4878
[YELLOW]sendir,1:1,1,38109,1,1,342,170,22,21,22,21,22,63,22,21,22,21,22,21,22,21,22,21,22,63,22,63,22,21,22,63,22,63,22,63,22,63,22,63,22,21,22,63,22,21,22,21,22,63,22,21,22,63,22,21,22,63,22,21,22,63,22,63,22,21,22,63,22,21,22,63,22,1515,342,85,22,4878
